MutagenObjectType: PlacedObject
FormKey: 00AFC4:Starfield.esm
Base: 253F96:Starfield.esm
LayeredMaterialSwaps:
- 14B9CB:Starfield.esm
Layer: 31210E:Starfield.esm
Position: -2.1078103, 5.027706, -1.2344894
Rotation: -0.0029597543, 0.0005773032, 3.7339337
